function [PS2, PS3] = aff_neg_data()
PS2 = [1 0 0 1 0 1 1 0 1 1 1 0 0 1 1 0 0 0 0 1];
PS3 = [0 0 0 1 1 0 0 1 1 1 1 0 0 1 1 0 0 1 1 0];