function [PS2, PS3] = aff_neg_data()
PS2 = [1 -1 -1 1 -1 1 1 -1 1 1 1 -1 -1 1 1 -1 -1 -1 -1 1];
PS3 = [-1 -1 -1 1 1 -1 -1 1 1 1 1 -1 -1 1 1 -1 -1 1 1 -1];