dt = [0.50 0.14 0.40 0.11 0.35 0.45 0.47 0.32 0.31 0.35 0.29 0.46 0.21 0.34;...
    0.39 0.09 0.39 0.06 0.27 0.39 0.39 0.30 0.34 0.39 0.36 0.55 0.21 0.32;...
    0.29 0.09 0.24 0.04 0.15 0.34 0.29 0.05 0.19 0.10 0.15 0.35 0.10 0.18;...
    0.37 0.12 0.26 0.16 0.19 0.39 0.31 0.12 0.25 0.20 0.20 0.32 0.15 0.23;...
    0.39 0.15 0.36 0.12 0.22 0.39 0.30 0.22 0.24 0.29 0.26 0.45 0.17 0.27];

finalResult = [0.50 0.14 0.44 0.11 0.40 0.46;...
    0.39 0.09 0.39 0.17 0.45 0.42;...
    0.29 0.09 0.24 0.04 0.22 0.19;...
    0.37 0.12 0.26 0.16 0.29 0.18;...
    0.39 0.15 0.36 0.12 0.33 0.25];